17 16 23 16 16 11 18 20 23 12 21 24 16 13 20 23 20 19 20 20 24 15 16 13 10 20 12 21 21 17 10 25 14 18 23 24 17 22 13 22 20 24 14 24 22 18 11 18 19 13 16 23 19 11 17 20 22 25 19 23 9 13 17 21 19 21 15 15 26 10 12 17 23 18 14 11 12 25 22 19 22 24 14 18 18 23 13 20 22 18 20 17 9 12 19 16 14 18 15 24
13 12 21 26 26 16 23 8 14 24 22 21 22 26 24 24 22 15 14 19 18 18 26 25 23 17 14 23 24 18 14 23 11 23 19 23 18 21 15 12 30 21 18 21 11 19 13 25 13 26 18 23 24 20 19 26 25 26 20 22 28 22 27 26 25 26 18 20 25 14 25 23 15 14 19 16 22 22 30 23 11 17 25 24 30 15 27 22 25 20 23 27 17 22 20 9 25 24 26 22
24 12 19 15 11 23 15 19 16 27 19 14 14 13 15 12 16 20 21 19 30 19 13 14 25 20 21 13 21 15 18 17 14 16 18 15 14 15 19 14 16 14 22 16 16 14 14 15 20 15 19 13 19 20 29 20 15 18 14 23 12 14 21 5 19 17 12 22 19 13 19 16 12 19 15 17 10 21 17 8 12 20 24 15 9 20 11 15 12 10 13 16 21 15 19 16 12 9 15 15
7 18 12 16 16 29 17 22 17 23 14 14 21 21 15 23 21 4 17 16 14 30 15 18 10 9 19 30 21 9 23 18 22 22 13 13 14 12 14 30 28 21 30 12 29 25 21 29 28 20 15 22 20 18 14 13 17 29 12 13 21 22 28 13 12 20 18 12 13 23 19 34 29 12 15 22 16 28 12 18 15 11 9 8 20 12 22 20 30 13 18 16 14 29 11 23 9 8 22 30
17 17 12 16 16 15 18 16 18 18 15 16 16 17 19 15 19 19 20 27 14 16 14 20 5 14 22 16 20 18 18 20 21 16 15 15 15 20 20 17 13 19 11 21 18 18 19 17 16 17 14 15 16 15 16 16 12 20 19 21 15 16 19 15 8 13 11 19 18 21 14 18 16 17 13 19 23 23 19 21 20 18 11 8 7 11 13 15 24 15 27 8 20 19 16 19 15 17 18 24
27 29 26 33 32 31 27 27 30 39 21 26 32 21 26 28 33 29 17 40 37 29 27 32 28 30 28 23 25 27 26 27 34 25 28 28 31 29 27 30 32 34 32 30 27 29 39 29 30 26 26 22 23 30 25 27 28 25 27 26 27 37 27 33 32 28 27 25 28 28 23 29 23 31 34 21 27 32 23 24 29 26 31 28 23 27 36 17 29 31 34 32 29 8 25 25 32 30 9 27
10 14 15 32 21 12 15 18 14 36 14 15 9 16 26 14 17 16 11 20 29 15 30 15 11 11 27 13 16 14 13 32 13 30 7 8 29 11 16 16 29 14 14 11 9 15 17 14 27 16 19 17 14 5 11 16 17 32 17 15 15 14 22 19 26 17 16 14 15 16 13 12 14 17 13 13 16 14 15 15 14 24 14 19 36 12 13 18 10 14 34 25 35 14 23 26 14 34 17 14
13 15 11 17 17 17 10 6 13 12 14 20 15 14 16 9 15 15 12 24 13 18 15 14 14 16 15 15 15 16 15 16 16 13 16 16 11 11 12 14 11 14 10 16 18 16 18 14 9 19 13 10 10 20 13 21 17 15 17 18 18 14 18 18 15 10 14 21 15 19 11 15 8 12 13 11 13 15 18 11 13 21 12 15 19 12 15 7 16 14 21 14 13 21 16 17 10 15 23 17
14 28 41 12 34 36 39 6 9 33 33 14 43 39 37 15 13 13 13 13 34 38 35 11 12 41 11 34 16 30 14 15 34 37 36 44 32 38 15 37 20 29 34 11 13 37 33 14 35 51 30 13 15 22 36 36 21 22 23 37 10 39 16 13 11 39 35 14 36 11 7 11 11 13 43 13 35 42 37 17 14 41 29 51 38 26 38 9 11 44 41 42 51 14 39 14 32 11 12 33
13 21 22 21 19 20 14 14 15 19 15 12 21 22 22 12 19 21 22 27 15 15 9 20 15 17 17 11 15 10 9 14 16 19 16 18 16 21 21 18 19 19 8 13 19 22 19 9 7 17 14 14 16 16 18 16 19 12 12 11 12 12 19 13 23 9 19 20 20 16 25 19 15 23 21 23 19 13 16 10 11 10 24 16 20 12 15 17 14 23 16 13 22 16 17 16 14 22 16 12
11 16 28 23 23 10 12 8 21 15 12 24 13 19 20 21 12 34 27 6 7 23 9 24 26 10 28 20 21 12 11 8 28 24 18 9 10 27 27 14 24 11 31 7 9 24 8 10 19 13 16 22 11 13 22 13 12 36 6 16 14 20 9 8 19 30 11 26 26 14 22 14 33 31 11 27 15 12 10 34 27 8 10 8 23 25 12 26 26 12 27 22 26 29 19 22 10 20 18 22
33 19 27 11 12 36 22 26 20 18 24 19 19 23 10 5 23 17 13 22 7 18 29 12 7 26 11 23 24 24 11 17 27 7 19 26 17 34 22 14 10 21 17 28 18 26 20 23 17 28 20 22 19 11 25 22 21 19 11 25 27 24 9 29 24 18 28 25 25 27 10 22 7 27 19 23 18 26 10 25 24 8 20 22 27 25 11 26 19 8 26 11 22 22 28 27 26 17 8 17
15 19 21 16 8 20 11 21 10 19 19 19 18 16 12 12 13 16 21 18 20 8 12 14 10 11 22 20 15 14 16 17 8 16 9 12 19 12 20 15 12 14 20 17 15 8 21 15 15 7 13 17 20 15 19 12 19 19 16 9 21 11 19 9 15 15 16 17 13 18 17 7 18 20 20 14 14 18 18 9 14 19 17 21 15 18 9 10 21 18 13 17 19 13 15 17 17 20 15 20
17 21 12 16 18 17 18 16 7 18 18 16 13 10 19 19 26 10 9 15 16 14 9 14 14 19 10 13 20 15 17 15 13 14 10 18 14 12 8 17 17 19 19 17 16 16 17 23 13 14 14 14 13 20 18 17 19 22 14 12 14 7 16 16 18 14 17 15 21 6 22 22 12 12 18 10 17 21 18 11 18 18 16 10 17 9 21 20 17 18 11 22 15 13 12 17 10 16 14 20
15 18 16 14 20 21 11 11 13 16 17 16 20 15 19 20 13 20 21 14 15 23 14 18 14 19 22 18 19 6 10 4 20 10 18 16 17 14 22 18 20 12 19 22 13 22 10 18 21 20 18 22 12 20 20 21 9 9 19 12 19 16 9 16 20 20 5 13 17 8 20 23 10 19 18 17 16 24 16 15 18 17 20 17 19 17 10 16 14 14 13 14 22 21 11 13 18 15 14 17
7 15 15 24 12 15 18 18 20 22 18 23 20 14 17 17 18 16 19 19 6 13 15 16 22 6 16 17 13 17 9 14 15 22 23 21 18 14 20 19 10 16 15 11 17 19 11 13 24 17 15 13 17 15 13 23 17 20 23 14 23 15 25 21 16 13 17 13 18 12 13 19 23 17 17 13 21 6 16 14 20 12 13 20 21 20 10 14 18 15 20 7 16 12 14 13 18 6 14 15
21 25 14 25 27 17 19 19 27 10 7 18 24 26 23 16 24 12 23 20 26 23 13 14 12 18 26 24 25 19 19 7 13 22 18 14 11 24 25 24 19 25 29 24 25 26 25 6 24 20 17 13 20 22 26 28 11 13 25 19 26 13 24 7 21 24 25 24 25 22 24 22 12 12 25 20 24 28 22 15 25 18 31 24 23 17 22 21 11 13 12 25 12 21 26 10 23 26 17 23
16 16 15 18 14 9 21 13 13 19 13 15 15 18 18 20 9 18 19 14 17 13 18 18 21 8 14 14 9 16 18 16 7 17 11 9 18 16 13 20 13 17 18 17 18 17 22 12 13 13 19 20 14 14 17 8 13 15 19 19 9 8 18 14 15 15 19 11 18 17 17 16 14 16 20 13 18 17 16 17 16 19 13 13 18 17 18 15 13 17 18 17 14 14 12 17 18 11 15 15
11 9 20 34 28 31 14 28 14 21 23 15 10 14 13 11 18 24 28 14 18 21 21 32 31 17 23 12 23 18 16 33 23 23 20 20 31 23 25 28 6 24 9 24 22 21 18 11 12 30 36 18 22 23 31 21 9 11 25 22 19 10 17 29 10 19 24 21 21 8 5 12 18 14 27 23 23 24 10 19 24 12 14 19 14 23 11 24 18 15 20 20 28 18 19 29 12 13 12 8
11 18 30 25 29 16 16 14 20 29 18 9 17 18 15 17 28 13 11 18 17 25 15 33 9 12 16 14 19 15 14 7 20 30 17 15 31 17 18 31 7 17 23 29 12 19 22 24 30 20 21 14 19 16 13 20 16 18 18 29 12 15 31 30 20 17 8 20 11 17 12 20 19 30 16 17 13 13 29 16 7 18 21 14 14 17 16 17 15 16 22 16 9 33 11 32 14 9 15 19
16 16 13 13 17 17 11 21 15 12 17 11 17 20 11 13 10 9 13 9 10 18 12 16 12 13 11 14 14 15 12 9 13 20 19 15 12 13 17 7 19 16 16 17 19 15 7 15 17 12 14 9 4 9 17 18 11 17 8 8 8 15 13 6 15 13 13 12 17 10 9 13 19 13 20 20 14 11 11 14 14 12 12 17 7 13 16 13 12 19 15 17 10 13 16 13 16 11 12 17
18 22 22 19 24 21 20 20 24 22 26 18 20 24 26 22 26 25 25 24 17 29 21 25 24 22 29 21 37 27 22 22 18 17 36 18 24 34 29 30 26 24 21 21 27 7 23 21 20 13 10 22 21 10 14 17 22 16 22 24 20 34 25 17 31 19 21 19 14 21 21 24 24 12 14 26 18 30 7 29 23 20 21 6 29 19 21 21 29 30 25 9 17 34 22 10 16 18 31 11
30 16 21 19 20 17 20 22 31 36 15 14 18 14 18 25 32 20 24 16 19 15 21 21 23 21 18 23 18 24 16 18 18 20 28 32 19 20 22 34 22 31 18 22 24 19 20 41 22 20 17 30 12 31 22 19 16 19 23 35 14 30 24 34 18 34 14 20 12 22 19 40 15 33 28 29 21 15 18 7 20 19 20 20 19 22 22 20 22 21 24 19 21 17 20 19 24 21 25 33
10 23 28 20 15 15 16 16 10 19 15 17 16 14 16 17 12 14 20 23 23 15 22 20 22 15 16 6 8 15 21 18 16 18 18 13 11 16 29 19 26 26 11 16 23 20 14 24 13 19 17 7 9 17 18 22 18 26 13 18 20 16 18 18 16 16 25 11 12 14 11 16 8 11 10 19 12 24 22 14 21 19 8 22 17 26 17 23 18 10 19 15 17 16 21 21 18 16 16 21
17 19 15 18 14 17 17 25 18 18 17 15 18 17 19 19 18 7 15 11 19 17 23 19 12 17 10 22 15 15 14 15 18 18 21 19 14 19 18 19 12 18 17 23 16 17 25 17 19 13 20 13 25 19 20 17 21 18 7 20 21 15 19 15 18 24 19 17 22 15 12 22 11 20 18 17 18 18 22 18 23 21 22 11 22 18 19 14 12 14 15 20 16 19 11 14 19 18 16 17
23 5 17 19 27 17 15 23 15 20 22 21 21 24 22 22 8 15 21 21 26 20 14 18 21 16 23 23 20 25 16 19 17 26 13 16 19 22 25 19 17 19 17 22 8 20 20 22 26 19 20 17 15 19 20 22 16 27 22 19 27 21 25 22 20 15 18 19 20 16 21 20 22 17 16 9 18 22 17 22 22 20 19 19 26 18 17 26 23 16 17 19 17 9 24 18 16 20 18 28
28 21 29 27 25 17 10 21 24 17 17 12 15 22 25 20 25 19 22 17 22 21 10 21 20 8 13 17 19 24 32 15 25 22 28 31 20 13 22 9 10 29 16 29 29 11 10 23 27 17 14 22 10 22 16 20 16 21 12 4 13 17 20 21 19 17 18 18 19 28 21 22 13 21 21 15 30 25 21 28 14 13 12 11 8 22 15 29 18 24 23 31 28 22 17 19 28 11 14 15
13 10 20 10 17 19 17 18 11 14 20 19 16 11 11 16 12 11 9 9 22 18 16 22 12 20 15 15 17 14 16 15 16 21 18 17 15 18 13 14 12 16 9 23 17 12 20 12 12 19 20 21 17 18 20 8 11 16 14 13 25 18 20 23 10 18 11 8 13 19 17 10 15 20 21 12 10 19 11 11 17 20 12 12 14 17 19 11 19 12 11 16 6 17 13 13 14 15 20 12
26 18 15 13 17 15 14 29 22 19 21 26 19 22 15 15 31 16 6 11 17 18 15 20 18 16 28 25 20 19 19 20 23 10 27 5 8 28 13 16 22 22 27 19 22 26 21 17 16 25 20 12 15 28 19 6 14 29 15 28 11 24 26 29 15 14 27 11 18 21 17 13 16 13 21 18 16 18 27 11 14 10 22 29 13 15 13 24 29 20 9 23 20 18 19 23 24 9 34 35
18 18 16 24 22 32 22 15 16 17 20 26 26 22 17 12 23 32 16 17 19 29 15 21 26 24 22 15 21 16 26 19 25 25 26 28 14 26 20 20 25 25 18 29 30 27 14 31 25 5 22 22 15 24 16 21 29 14 16 24 32 23 27 25 5 17 24 21 14 33 22 29 31 14 16 17 16 21 15 18 15 22 23 15 32 21 18 18 13 25 14 18 14 15 27 29 25 20 27 30
20 18 15 17 21 15 19 18 28 19 16 18 18 23 19 14 14 26 23 18 24 8 22 11 16 14 13 16 11 14 19 20 20 16 12 16 23 14 19 15 22 20 9 14 20 16 18 20 23 23 17 17 17 23 19 20 12 14 15 22 23 20 19 22 21 20 17 17 17 23 20 16 18 20 17 16 28 16 20 20 18 10 21 14 11 14 22 15 19 18 13 22 22 16 19 15 16 22 26 19
9 22 20 23 21 18 31 11 19 27 19 10 26 16 17 13 20 14 8 12 20 20 10 25 22 28 16 21 15 20 13 24 10 13 25 18 8 13 19 21 9 13 18 26 12 20 28 14 23 10 16 14 18 28 20 23 15 20 18 26 15 24 11 15 7 16 24 24 18 18 19 17 16 15 7 17 20 16 26 17 17 16 4 17 11 20 15 19 19 22 9 18 20 18 17 17 19 23 13 19
27 9 20 19 25 6 15 19 25 26 21 25 13 17 13 18 17 21 25 21 17 19 19 18 23 17 11 18 26 19 19 16 18 24 18 18 21 19 10 18 16 16 17 7 22 20 17 18 19 21 13 16 20 8 18 9 18 9 27 14 23 23 20 21 18 17 21 24 21 15 25 25 25 19 7 15 25 25 20 25 20 22 18 17 26 17 19 20 5 17 20 15 15 21 19 21 17 13 20 16
17 15 8 18 16 19 19 22 10 11 17 15 20 22 20 16 19 17 20 10 18 19 19 15 16 12 16 11 15 17 18 19 17 13 21 17 17 11 17 21 16 7 20 17 20 13 21 24 17 15 19 17 23 20 19 20 17 18 15 9 15 10 22 12 15 22 26 8 20 18 12 15 18 19 10 21 17 6 11 16 20 11 9 18 20 13 24 18 17 16 19 17 17 16 12 22 13 17 15 22
11 20 19 20 22 16 17 18 21 24 17 16 25 23 17 20 16 13 15 21 10 10 23 28 19 26 19 17 17 14 19 29 23 27 15 11 5 28 27 23 21 12 16 21 25 10 18 17 27 19 18 14 19 20 24 19 26 28 27 20 22 21 10 22 12 18 18 23 15 16 23 14 19 17 26 17 17 24 18 20 14 19 21 20 26 26 7 18 20 26 18 26 16 11 22 14 17 18 18 17
30 43 32 33 34 34 32 27 35 32 40 34 32 27 31 37 25 32 32 6 20 32 30 26 31 34 38 25 31 31 38 31 41 32 30 32 21 27 36 34 40 28 42 33 36 32 44 34 42 30 34 30 32 37 43 29 33 30 43 29 30 30 37 32 42 34 31 34 28 42 31 31 29 30 29 43 32 38 32 32 17 21 33 33 30 33 30 36 31 36 34 29 31 30 5 32 34 35 35 30
26 29 16 26 27 29 4 14 15 28 25 22 16 21 10 15 15 14 14 12 25 12 18 12 17 14 11 16 12 8 13 18 27 7 16 16 17 18 12 19 20 22 14 13 22 26 28 19 22 10 16 27 25 5 19 26 25 10 15 29 25 27 17 12 13 13 8 16 26 24 25 26 7 15 26 17 25 15 25 30 27 26 25 17 8 11 25 13 30 15 27 15 14 27 13 10 26 21 27 18
25 18 29 24 24 31 28 30 30 19 25 26 26 28 28 11 29 32 29 27 16 27 28 29 27 12 30 29 26 27 24 27 18 25 34 26 11 23 23 31 26 27 28 30 26 32 25 31 35 3 30 30 29 12 29 21 23 20 25 28 27 24 18 29 17 28 28 23 26 24 31 25 28 29 11 24 24 26 28 30 21 28 31 24 24 30 26 25 13 29 25 29 18 26 34 25 19 30 22 26
16 15 16 17 18 18 14 21 16 14 19 11 10 17 18 16 17 20 16 20 17 11 9 15 17 19 20 18 22 11 13 16 19 13 12 16 24 16 14 19 15 17 18 18 17 19 17 16 16 16 12 19 17 16 17 11 14 18 17 19 14 11 11 15 12 9 17 16 21 18 18 18 19 21 18 14 17 12 16 18 14 16 15 19 18 19 12 16 18 18 13 18 17 18 22 29 16 21 18 30
19 14 16 16 16 12 15 15 21 19 11 17 23 19 20 18 17 17 14 18 17 14 11 16 17 14 19 16 22 10 12 15 13 20 20 21 17 14 13 16 11 15 21 21 11 21 25 19 15 14 8 15 16 11 16 14 23 23 20 15 16 15 15 14 16 16 18 16 17 21 25 23 11 16 15 19 23 9 21 18 19 15 18 20 21 13 12 14 12 17 15 17 14 16 22 14 17 23 13 16
25 28 11 30 30 19 28 13 15 27 22 24 27 31 23 15 19 12 17 33 28 14 29 26 30 25 13 27 26 14 22 10 29 24 12 14 12 16 23 18 13 12 14 14 19 29 20 27 15 15 15 16 21 12 17 18 20 25 25 32 25 13 15 27 27 18 16 16 17 26 30 25 11 13 28 20 25 24 22 28 25 25 24 30 26 27 21 22 29 28 13 28 16 27 25 27 30 24 9 27
38 41 34 32 36 36 34 40 38 17 16 38 12 15 34 31 30 39 40 31 28 37 48 38 45 39 34 35 39 16 5 43 38 36 36 36 31 41 40 52 40 12 34 44 29 42 42 35 32 36 38 39 41 38 36 42 41 35 42 42 30 35 37 41 48 41 19 35 36 37 36 30 30 34 36 46 38 39 35 36 38 31 37 42 34 34 42 38 37 37 15 15 34 34 40 39 12 41 36 43
19 16 17 18 17 18 13 14 15 15 18 20 13 14 19 20 6 16 19 13 21 17 15 9 20 21 13 16 12 18 17 15 16 12 22 15 15 17 14 19 15 18 14 17 18 19 19 15 16 18 14 17 21 22 20 18 20 17 18 19 20 16 16 16 21 18 5 20 16 21 18 14 15 21 8 17 18 19 21 22 18 13 20 18 14 22 20 18 13 19 5 13 17 19 17 18 14 18 18 13
10 8 14 18 14 22 12 17 20 22 23 19 21 12 12 22 7 15 16 14 11 21 16 8 9 24 10 11 26 9 19 21 21 10 12 7 14 15 9 13 13 13 11 21 8 21 20 11 12 19 11 18 16 18 20 12 16 21 22 14 10 19 12 12 20 10 10 14 15 19 20 20 16 21 21 11 15 19 11 19 21 11 18 11 11 20 20 21 8 23 11 24 21 18 19 17 10 20 10 13
26 7 12 23 22 23 23 14 29 28 18 10 14 23 23 8 9 14 28 19 29 10 31 15 26 11 21 14 30 13 16 20 23 15 22 15 20 23 23 20 23 24 23 31 30 26 24 15 23 25 23 14 25 20 21 29 9 21 24 21 12 9 26 14 14 16 28 14 11 30 29 10 24 13 13 21 10 20 10 21 24 12 25 29 16 8 24 11 18 4 22 15 14 28 11 12 21 21 24 24
18 22 15 16 20 23 18 14 18 20 20 18 15 11 22 13 16 14 22 17 9 5 11 10 24 11 19 15 14 26 14 22 26 12 25 21 23 18 17 11 21 15 14 25 21 18 24 16 18 20 19 20 13 19 26 15 21 18 19 12 18 15 19 13 12 24 10 15 26 14 13 22 16 23 20 17 15 21 21 21 21 19 22 20 16 22 21 15 17 13 17 18 18 12 16 23 14 13 17 15
19 18 7 16 23 24 23 17 16 26 21 24 17 18 22 26 9 25 17 31 22 27 11 22 9 16 11 19 25 18 25 15 19 16 17 17 8 16 19 15 19 14 21 26 23 18 16 14 16 18 17 16 20 17 17 19 18 16 9 20 19 25 25 28 18 20 18 18 16 25 24 23 7 18 15 16 14 23 12 15 25 17 18 18 13 23 17 19 24 15 17 25 13 18 27 10 23 25 19 21
13 7 18 24 19 21 15 21 16 18 16 12 15 18 11 15 21 16 19 14 20 13 20 13 14 21 19 26 25 22 21 22 18 14 24 11 16 14 14 11 13 17 13 17 9 23 21 13 17 21 20 14 21 15 14 11 22 14 22 14 12 15 19 22 11 21 14 22 17 16 17 19 22 21 16 21 18 12 18 14 17 10 16 16 15 12 16 17 15 16 11 12 11 12 18 18 16 18 20 21
9 26 11 10 18 18 9 27 17 21 25 17 13 17 18 20 22 11 8 21 20 13 18 21 21 24 12 24 13 14 12 15 14 14 14 23 10 15 22 14 26 24 23 12 21 20 11 16 19 18 23 25 22 21 26 22 21 20 21 12 26 15 22 27 13 21 24 16 11 21 19 9 14 25 20 17 22 5 21 8 23 11 15 6 23 22 21 25 24 12 9 19 19 12 17 22 25 7 16 12
13 25 29 20 19 21 14 17 11 13 14 15 14 19 19 31 19 9 25 21 20 24 16 23 24 25 17 19 16 15 19 19 3 5 21 26 12 15 29 8 12 13 16 25 16 31 25 10 23 13 21 21 17 20 20 17 6 18 7 21 11 18 10 31 25 15 16 16 18 23 15 14 20 19 19 12 23 12 10 20 17 23 21 30 26 11 21 23 15 16 15 20 25 21 14 12 15 20 25 21
7 21 25 24 25 26 21 27 15 24 11 16 23 18 15 28 21 17 19 12 24 23 21 10 25 28 6 28 25 27 12 24 22 30 29 17 20 28 11 26 24 26 26 36 27 27 23 21 31 9 16 23 26 6 23 21 10 12 19 13 27 21 26 30 23 26 26 21 16 6 21 20 29 18 19 25 20 11 16 13 29 23 16 19 12 12 14 15 28 16 21 20 31 23 26 15 22 29 21 22
8 20 16 13 20 16 9 25 17 15 12 23 20 20 23 15 20 10 21 14 22 14 17 15 18 31 21 20 19 9 18 13 10 19 9 15 20 23 20 5 15 17 21 13 14 18 18 21 20 14 5 31 15 22 13 11 16 22 16 15 20 18 16 22 12 21 31 31 18 18 15 16 23 27 21 32 16 14 31 14 14 15 19 17 20 9 22 18 12 27 17 16 8 16 11 18 21 29 15 20
19 23 22 11 16 21 16 17 7 19 12 21 24 24 17 16 12 30 17 18 20 21 21 19 23 19 18 28 31 25 19 24 11 9 21 23 21 27 21 26 28 30 17 22 17 11 20 16 18 25 17 34 16 14 13 23 17 13 30 21 26 24 11 9 15 23 16 22 14 27 20 26 28 21 11 17 16 32 20 14 24 19 24 15 10 19 21 22 19 34 20 24 20 20 15 25 10 19 19 16
21 7 22 13 13 14 11 13 15 28 12 12 17 11 18 16 12 19 13 9 10 14 14 22 16 14 21 12 11 16 12 15 13 13 9 17 15 15 10 11 13 14 17 9 22 18 15 18 16 10 13 15 14 12 13 21 13 15 15 18 17 18 10 21 15 10 17 10 11 5 18 16 28 11 19 14 13 14 17 9 9 11 14 12 8 16 9 26 19 16 14 29 14 16 18 14 14 9 28 16
11 23 26 15 26 25 20 23 28 14 18 22 22 21 22 25 7 21 9 22 24 12 22 21 19 17 22 23 18 23 22 19 18 24 18 19 8 24 26 11 25 19 6 23 18 14 6 21 18 22 13 16 19 23 13 11 20 25 19 18 22 12 22 25 19 10 22 23 21 24 13 20 25 24 19 24 23 27 28 13 25 23 24 21 23 19 18 9 19 10 16 24 24 20 20 16 24 21 22 13
21 21 19 20 13 12 18 10 19 10 17 14 14 13 21 14 18 15 10 13 11 16 8 12 11 16 18 16 19 14 12 15 18 15 13 11 19 19 17 11 15 14 9 11 20 18 17 9 16 20 15 17 18 13 10 16 16 19 18 10 14 20 20 18 13 13 13 19 10 13 22 19 15 12 14 16 13 8 18 17 10 12 9 18 20 12 14 11 21 18 17 12 12 19 11 16 9 17 23 13
17 14 10 18 14 17 18 18 18 19 25 16 16 14 12 19 16 14 18 16 16 16 9 20 21 23 9 14 12 25 21 14 15 16 18 16 11 10 18 10 15 18 9 18 18 13 13 16 13 14 14 13 18 20 8 16 22 14 16 15 24 18 13 25 16 20 17 15 20 13 23 15 9 18 14 17 9 17 11 23 4 19 20 10 18 16 7 15 19 18 13 8 11 16 18 24 19 18 16 15
25 28 21 26 25 28 25 32 26 26 28 23 33 28 26 28 25 28 27 30 15 22 29 22 29 26 33 26 27 26 29 22 25 26 22 29 29 29 27 24 26 24 29 24 32 29 25 30 25 32 33 32 24 28 31 30 28 25 22 31 28 33 30 29 23 19 28 28 34 30 25 25 28 28 32 28 28 25 29 26 33 29 24 25 28 25 34 25 29 24 27 28 26 30 23 27 21 28 30 20
11 12 14 14 17 36 11 11 9 15 10 15 16 12 14 14 27 17 31 17 9 15 19 17 20 8 19 23 12 22 16 16 9 18 14 9 12 16 14 15 12 11 17 10 20 21 27 13 16 16 14 13 18 20 12 12 18 21 10 7 20 30 33 14 9 14 18 17 14 18 9 9 22 15 9 17 12 20 12 9 12 12 13 26 18 17 33 9 7 25 14 19 25 15 13 15 10 10 16 33
16 23 19 28 19 18 22 16 8 13 21 11 17 19 15 17 17 12 6 20 19 32 11 10 19 17 22 22 10 15 12 21 20 12 30 25 17 11 17 11 28 20 23 13 18 7 8 24 16 22 32 23 11 20 18 18 6 18 21 12 13 19 31 11 13 30 20 13 13 24 23 13 31 32 17 13 10 20 12 12 30 12 12 18 15 13 15 21 14 19 14 11 13 28 23 12 14 8 17 21
27 16 18 19 38 15 24 15 20 16 33 14 27 13 20 17 21 22 17 20 20 34 17 17 16 19 18 19 15 17 36 12 12 28 19 15 18 29 17 13 11 38 31 18 13 25 20 17 16 39 16 18 15 13 20 30 12 15 17 24 18 17 37 19 17 13 32 36 16 7 15 9 29 16 20 27 33 20 12 5 16 33 9 10 19 32 4 25 19 32 19 10 19 15 19 6 19 18 10 17
42 15 16 15 38 35 16 17 19 17 10 16 14 15 12 15 13 9 16 18 13 14 11 15 14 16 14 18 11 14 11 14 14 37 9 15 22 13 13 15 18 16 40 15 18 14 48 10 12 16 14 11 11 13 15 16 12 8 17 17 15 8 15 15 12 18 12 12 15 16 15 12 15 11 17 14 11 13 15 37 14 17 16 9 17 14 8 13 12 9 12 19 13 8 10 12 15 13 9 16
32 29 16 22 19 31 33 31 27 36 30 34 31 35 31 36 30 32 31 30 31 31 30 32 26 28 32 27 30 29 33 28 33 30 31 27 34 30 32 33 26 29 33 16 29 18 34 26 27 40 26 29 34 30 27 30 30 32 30 32 33 32 35 28 32 23 29 27 28 29 29 30 35 31 17 36 36 33 33 27 29 32 31 35 29 26 26 34 31 30 34 32 27 30 33 37 26 35 23 35
19 15 11 23 19 27 22 21 19 23 20 23 20 24 15 19 13 18 8 12 23 20 19 16 18 19 17 17 23 19 22 16 20 19 17 13 26 19 23 20 18 19 22 23 26 18 23 22 22 20 10 20 13 22 11 10 23 21 23 20 24 24 19 19 18 15 23 13 22 18 19 25 22 8 9 22 14 22 18 22 16 16 21 12 20 24 21 26 21 24 25 20 17 24 24 26 22 15 18 9
8 22 18 14 16 16 13 14 12 17 16 18 18 11 21 10 19 13 22 12 18 19 7 25 15 18 17 21 13 21 21 20 19 14 14 20 16 11 16 8 9 21 19 19 15 12 22 20 17 10 16 16 7 13 22 21 15 16 18 20 16 13 14 15 22 17 16 18 17 7 15 15 21 7 24 25 14 19 16 22 16 17 15 14 20 21 14 16 20 15 19 10 18 23 20 22 15 19 15 9
20 23 18 19 14 20 14 20 18 14 11 19 18 16 11 24 18 13 11 25 24 15 20 15 14 9 14 20 11 14 11 17 12 16 21 20 20 18 19 15 23 17 13 17 13 20 21 18 13 14 23 15 10 23 12 16 18 24 10 21 20 17 15 14 22 16 19 12 13 16 20 18 16 17 11 6 13 15 12 22 22 6 10 17 21 19 14 20 14 20 14 23 17 14 12 16 20 26 15 15
